1111111111111111111411111111111111111111
1000110000110001101011000011000000110001
1010111110110101101011011011011110110101
1010111110110100001011011011011110110101
1010110000110111101000011011011000110101
1010110111110111101111111011011011110101
1010110111110110101111111011011011110101
1010000110000110101000011000011000000101
1011110111110110101011011111111111111101
1000010110000110001011000000000000100001
1011010110111110111011111111111110101111
1011010110111110100011111111111110101111
1011010000100000101111000000010000100001
1111011111111111101111011111110110101111
1000011111111111101000010110000110101111
1011110000000000001011110110111110100001
1011110110111111101011110110111110111101
1011010110110000001000000110000110000101
1011010110110111101011111111110111110101
1011010110110111101011111111110111110101
1000000110110110001011000000010110000101
1111111110110110111011011111110110111101
1000000010110110100011011111000110000001
1011111110111110101111000011011111111111
1011111110111110101111011111010001111111
1000000110000000000000000000010101100001
1111110111110111101111110111110101111101
1000110000000111101100010111110100001101
1010111111111100001101010110000111101101
1010111111111101111101010111110111101101
1010000000110100001101010110000100000001
1011111110110111101101110110111101111111
1011111110110100001100010110110101100001
1000000010110101111101010000110101101101
1111111110110101111101011111110101101101
1000000000110000000001010000000001101101
1011111111111111111111010111111111111101
1011111111111111111111010111111111111101
1000000000000000000000010000000000000001
1111111111111111111511111111111111111111
