0000000000000000000000000000000000000000
0441111111111111111111111111111111111110
0441111111111111111111111111111111111110
0110000000000011100000000000011100000000
0110111111111111101110111111111101111110
0110111111111111101110111111111101111110
0110111111111111101110111111111101111110
0110000000000001101110111110000001110110
0110111111111111111110111110111111110110
0110111111111111111110111110111111110110
0110111111111111111110111110111111110110
0110111111111111111110111110111111110110
0000000011101110000000111110111000000110
0111111011101110111111111110111111110110
0111111011101110111111111110111111110110
0111111011101110111111111110111111110110
0111111011101110111111111110111111110110
0111111011100000000000011110000011110110
0110111011111111111111011111111011110110
0110111011111111111111011111111011110110
0110111011111111111111011111111011110110
0110111011111111111111011111111011110110
0110111000000001110000011110111000000110
0110111011111111110111011110111111110110
0110111011111111110111011110111111110110
0110111011111111110111011110111111110110
0110000011111111110111011110111111110110
0111111111111111110111000000000001110110
0111111111111000000111011111111111110110
0111111111111011111111011111111111110110
0111111111111011111111011111111111111110
0110000000000011111111011111111111111110
0110111111111111110000011110000000000110
0110111111111111111111111110111111111110
0110111111111111111111111110111111111110
0110111111111111111111111110111111111110
0110000000000000000000000000000000000110
0111111111111111111111111111111111111550
0111111111111111111111111111111111111550
0000000000000000000000000000000000000000
